
Detailed residuals after final iteration
            noise          abs            rel    noise          abs            rel
   0.04594    1:   0.33420E-03        0.04185 %    2:   0.16806E-04        0.00470 %      pixel # 1      Residual after iteration # 23

Date:             2010-05-19
Time:               07:15:00
Longitude:            3.1420
Latitude :           50.6120
Parameter #, Vector of retrieved parameters
             1   0.74676E-03
             2   0.34124E-01
             3   0.30516E+00
             4   0.49788E+00
             5   0.45913E+00
             6   0.32801E+00
             7   0.13005E+00
             8   0.35209E-01
             9   0.15579E-01
            10   0.22449E-01
            11   0.58630E-01
            12   0.12634E+00
            13   0.21098E+00
            14   0.29863E+00
            15   0.33987E+00
            16   0.31461E+00
            17   0.23350E+00
            18   0.14440E+00
            19   0.77683E-01
            20   0.38618E-01
            21   0.93214E-02
            22   0.84352E-03
            23   0.14532E+01
            24   0.14523E+01
            25   0.14521E+01
            26   0.14519E+01
            27   0.15248E-02
            28   0.15109E-02
            29   0.15106E-02
            30   0.15072E-02
            31   0.49060E+00
            32   0.26654E+00
            33   0.20000E+04
            34   0.54737E-01
            35   0.12461E+00
            36   0.32138E+00
            37   0.31308E+00
            38   0.23644E-01
            39   0.71903E-01
            40   0.21466E+00
            41   0.20909E+00
            42   0.86780E-02
            43   0.21164E-01
            44   0.26278E-01
            45   0.25621E-01
            46   0.21000E+01
            47   0.21000E+01
            48   0.21000E+01
            49   0.21000E+01

*** DETAILED PARAMETERS ***
Date:             2010-05-19
Time:               07:15:00
Longitude:            3.1420
Latitude :           50.6120
Size Distribution dV/dlnr (normalized to 1) for 1 - fraction
   0.50000E-01   0.74676E-03
   0.65604E-01   0.34124E-01
   0.86077E-01   0.30516E+00
   0.11294E+00   0.49788E+00
   0.14818E+00   0.45913E+00
   0.19443E+00   0.32801E+00
   0.25510E+00   0.13005E+00
   0.33472E+00   0.35209E-01
   0.43917E+00   0.15579E-01
   0.57623E+00   0.22449E-01
   0.75605E+00   0.58630E-01
   0.99200E+00   0.12634E+00
   0.13016E+01   0.21098E+00
   0.17078E+01   0.29863E+00
   0.22407E+01   0.33987E+00
   0.29400E+01   0.31461E+00
   0.38575E+01   0.23350E+00
   0.50613E+01   0.14440E+00
   0.66407E+01   0.77683E-01
   0.87131E+01   0.38618E-01
   0.11432E+02   0.93214E-02
   0.15000E+02   0.84352E-03
Aerosol volume concentration (um^3/um^2 or um^3/um^3)
             1   0.26654E+00
% of spherical particles 1 - fraction
             1   0.49060E+02
Aerosol profile mean height (m)
             1   0.20000E+04
Angstrom exp ( 0.670 / 0.870 )
                 0.16152E+01
Wavelength (um), Total_AOD (unitless or 1/um)
       0.44000   0.99709E+00
       0.67000   0.46533E+00
       0.87000   0.30515E+00
       1.02000   0.24577E+00
Wavelength (um), Total_SSA
       0.44000   0.98251E+00
       0.67000   0.97623E+00
       0.87000   0.97245E+00
       1.02000   0.97109E+00
Wavelength (um), Total_AAOD (unitless or 1/um)
       0.44000   0.17439E-01
       0.67000   0.11060E-01
       0.87000   0.84063E-02
       1.02000   0.71061E-02
Wavelength (um), REAL Ref. Index
           1
       0.44000       1.45317
       0.67000       1.45231
       0.87000       1.45211
       1.02000       1.45194
Wavelength (um), IMAG Ref. Index
           1
       0.44000   0.15248E-02
       0.67000   0.15109E-02
       0.87000   0.15106E-02
       1.02000   0.15072E-02

*** FITTING ***
------------------------------------------------------------------------
pixel #    1   wavelength #   1     0.440 (um)
------------------------------------------------------------------------
       meas_tod        fit_tod
    0.12378E+01    0.12378E+01
   #      sza      vis      fis  sca_ang         meas_I          fit_I
   1    70.00   110.00   183.50     3.29    0.75779E+00    0.75796E+00
   2    70.00   110.00   184.00     3.76    0.68474E+00    0.68486E+00
   3    70.00   110.00   185.00     4.70    0.58504E+00    0.58507E+00
   4    70.00   110.00   186.00     5.64    0.52445E+00    0.52448E+00
   5    70.00   110.00   187.00     6.58    0.48591E+00    0.48596E+00
   6    70.00   110.00   188.00     7.52    0.46025E+00    0.46030E+00
   7    70.00   110.00   190.00     9.40    0.42901E+00    0.42903E+00
   8    70.00   110.00   192.00    11.27    0.41005E+00    0.41002E+00
   9    70.00   110.00   194.00    13.15    0.39597E+00    0.39591E+00
  10    70.00   110.00   196.00    15.03    0.38388E+00    0.38379E+00
  11    70.00   110.00   198.00    16.91    0.37255E+00    0.37245E+00
  12    70.00   110.00   200.00    18.78    0.36156E+00    0.36145E+00
  13    70.00   110.00   205.00    23.47    0.33479E+00    0.33467E+00
  14    70.00   110.00   210.00    28.15    0.30894E+00    0.30886E+00
  15    70.00   110.00   215.00    32.83    0.28451E+00    0.28447E+00
  16    70.00   110.00   220.00    37.49    0.26196E+00    0.26196E+00
  17    70.00   110.00   225.00    42.15    0.24153E+00    0.24154E+00
  18    70.00   110.00   230.00    46.80    0.22324E+00    0.22326E+00
  19    70.00   110.00   240.00    56.05    0.19267E+00    0.19271E+00
  20    70.00   110.00   250.00    65.23    0.16909E+00    0.16913E+00
  21    70.00   110.00   260.00    74.32    0.15117E+00    0.15120E+00
  22    70.00   110.00   270.00    83.28    0.13783E+00    0.13785E+00
  23    70.00   110.00   280.00    92.08    0.12823E+00    0.12822E+00
  24    70.00   110.00   300.00   108.94    0.11740E+00    0.11731E+00
  25    70.00   110.00   320.00   124.02    0.11378E+00    0.11359E+00
  26    70.00   110.00   340.00   135.46    0.11353E+00    0.11327E+00
------------------------------------------------------------------------
pixel #    1   wavelength #   2     0.670 (um)
------------------------------------------------------------------------
       meas_tod        fit_tod
    0.50847E+00    0.50850E+00
   #      sza      vis      fis  sca_ang         meas_I          fit_I
   1    70.00   110.00   183.50     3.29    0.30874E+01    0.30862E+01
   2    70.00   110.00   184.00     3.76    0.27056E+01    0.27050E+01
   3    70.00   110.00   185.00     4.70    0.21173E+01    0.21173E+01
   4    70.00   110.00   186.00     5.64    0.17064E+01    0.17062E+01
   5    70.00   110.00   187.00     6.58    0.14162E+01    0.14158E+01
   6    70.00   110.00   188.00     7.52    0.12085E+01    0.12081E+01
   7    70.00   110.00   190.00     9.40    0.94700E+00    0.94690E+00
   8    70.00   110.00   192.00    11.27    0.79860E+00    0.79871E+00
   9    70.00   110.00   194.00    13.15    0.70886E+00    0.70899E+00
  10    70.00   110.00   196.00    15.03    0.64774E+00    0.64791E+00
  11    70.00   110.00   198.00    16.91    0.60255E+00    0.60275E+00
  12    70.00   110.00   200.00    18.78    0.56668E+00    0.56684E+00
  13    70.00   110.00   205.00    23.47    0.50053E+00    0.50050E+00
  14    70.00   110.00   210.00    28.15    0.44700E+00    0.44685E+00
  15    70.00   110.00   215.00    32.83    0.39977E+00    0.39953E+00
  16    70.00   110.00   220.00    37.49    0.35744E+00    0.35716E+00
  17    70.00   110.00   225.00    42.15    0.31936E+00    0.31910E+00
  18    70.00   110.00   230.00    46.80    0.28559E+00    0.28539E+00
  19    70.00   110.00   240.00    56.05    0.22976E+00    0.22966E+00
  20    70.00   110.00   250.00    65.23    0.18762E+00    0.18758E+00
  21    70.00   110.00   260.00    74.32    0.15671E+00    0.15672E+00
  22    70.00   110.00   270.00    83.28    0.13484E+00    0.13487E+00
  23    70.00   110.00   280.00    92.08    0.11989E+00    0.11993E+00
  24    70.00   110.00   300.00   108.94    0.10396E+00    0.10403E+00
  25    70.00   110.00   320.00   124.02    0.99638E-01    0.99709E-01
  26    70.00   110.00   340.00   135.46    0.10054E+00    0.10060E+00
------------------------------------------------------------------------
pixel #    1   wavelength #   3     0.870 (um)
------------------------------------------------------------------------
       meas_tod        fit_tod
    0.32016E+00    0.32017E+00
   #      sza      vis      fis  sca_ang         meas_I          fit_I
   1    70.00   110.00   183.50     3.29    0.40685E+01    0.40677E+01
   2    70.00   110.00   184.00     3.76    0.36419E+01    0.36407E+01
   3    70.00   110.00   185.00     4.70    0.29325E+01    0.29323E+01
   4    70.00   110.00   186.00     5.64    0.23893E+01    0.23895E+01
   5    70.00   110.00   187.00     6.58    0.19755E+01    0.19756E+01
   6    70.00   110.00   188.00     7.52    0.16594E+01    0.16593E+01
   7    70.00   110.00   190.00     9.40    0.12301E+01    0.12297E+01
   8    70.00   110.00   192.00    11.27    0.96723E+00    0.96698E+00
   9    70.00   110.00   194.00    13.15    0.80132E+00    0.80113E+00
  10    70.00   110.00   196.00    15.03    0.68850E+00    0.68845E+00
  11    70.00   110.00   198.00    16.91    0.60793E+00    0.60800E+00
  12    70.00   110.00   200.00    18.78    0.54797E+00    0.54806E+00
  13    70.00   110.00   205.00    23.47    0.45226E+00    0.45229E+00
  14    70.00   110.00   210.00    28.15    0.38817E+00    0.38827E+00
  15    70.00   110.00   215.00    32.83    0.33919E+00    0.33930E+00
  16    70.00   110.00   220.00    37.49    0.29909E+00    0.29914E+00
  17    70.00   110.00   225.00    42.15    0.26486E+00    0.26486E+00
  18    70.00   110.00   230.00    46.80    0.23582E+00    0.23578E+00
  19    70.00   110.00   240.00    56.05    0.18937E+00    0.18930E+00
  20    70.00   110.00   250.00    65.23    0.15542E+00    0.15540E+00
  21    70.00   110.00   260.00    74.32    0.13128E+00    0.13129E+00
  22    70.00   110.00   270.00    83.28    0.11439E+00    0.11442E+00
  23    70.00   110.00   280.00    92.08    0.10291E+00    0.10294E+00
  24    70.00   110.00   300.00   108.94    0.91727E-01    0.91729E-01
  25    70.00   110.00   320.00   124.02    0.89771E-01    0.89741E-01
  26    70.00   110.00   340.00   135.46    0.91964E-01    0.91885E-01
------------------------------------------------------------------------
pixel #    1   wavelength #   4     1.020 (um)
------------------------------------------------------------------------
       meas_tod        fit_tod
    0.25367E+00    0.25369E+00
   #      sza      vis      fis  sca_ang         meas_I          fit_I
   1    70.00   110.00   183.50     3.29    0.41042E+01    0.41065E+01
   2    70.00   110.00   184.00     3.76    0.37376E+01    0.37375E+01
   3    70.00   110.00   185.00     4.70    0.30991E+01    0.30986E+01
   4    70.00   110.00   186.00     5.64    0.25816E+01    0.25819E+01
   5    70.00   110.00   187.00     6.58    0.21682E+01    0.21688E+01
   6    70.00   110.00   188.00     7.52    0.18391E+01    0.18397E+01
   7    70.00   110.00   190.00     9.40    0.13674E+01    0.13676E+01
   8    70.00   110.00   192.00    11.27    0.10621E+01    0.10621E+01
   9    70.00   110.00   194.00    13.15    0.85875E+00    0.85877E+00
  10    70.00   110.00   196.00    15.03    0.71759E+00    0.71763E+00
  11    70.00   110.00   198.00    16.91    0.61609E+00    0.61611E+00
  12    70.00   110.00   200.00    18.78    0.54077E+00    0.54071E+00
  13    70.00   110.00   205.00    23.47    0.41903E+00    0.41877E+00
  14    70.00   110.00   210.00    28.15    0.34427E+00    0.34404E+00
  15    70.00   110.00   215.00    32.83    0.29158E+00    0.29150E+00
  16    70.00   110.00   220.00    37.49    0.25125E+00    0.25128E+00
  17    70.00   110.00   225.00    42.15    0.21886E+00    0.21894E+00
  18    70.00   110.00   230.00    46.80    0.19243E+00    0.19250E+00
  19    70.00   110.00   240.00    56.05    0.15219E+00    0.15219E+00
  20    70.00   110.00   250.00    65.23    0.12420E+00    0.12418E+00
  21    70.00   110.00   260.00    74.32    0.10478E+00    0.10477E+00
  22    70.00   110.00   270.00    83.28    0.91315E-01    0.91329E-01
  23    70.00   110.00   280.00    92.08    0.82410E-01    0.82439E-01
  24    70.00   110.00   300.00   108.94    0.74037E-01    0.74066E-01
  25    70.00   110.00   320.00   124.02    0.73277E-01    0.73272E-01
  26    70.00   110.00   340.00   135.46    0.75731E-01    0.75672E-01
