 2500 0
 2600 0
 2700 2
 0.7000000 0.3000000
01 0.123855E+01 0.809396E+01
02 0.117739E+01 0.824542E+01
03 0.112283E+01 0.837854E+01
04 0.106431E+01 0.852020E+01
05 0.101870E+01 0.863033E+01
06 0.910131E+00 0.889047E+01
07 0.796671E+00 0.916024E+01
08 0.685724E+00 0.942255E+01
09 0.575071E+00 0.968411E+01
10 0.474541E+00 0.995929E+01
11 0.420156E+00 0.105859E+02
12 0.292585E+00 0.104551E+02
13 0.228816E+00 0.106807E+02
14 0.238607E+00 0.114215E+02
15 0.211136E+00 0.117492E+02
16 0.176670E+00 0.117097E+02
17 0.147391E+00 0.116083E+02
18 0.125453E+00 0.115287E+02
19 0.109366E+00 0.114769E+02
20 0.978293E-01 0.114460E+02
21 0.893150E-01 0.114291E+02
22 0.738943E-01 0.114189E+02
23 0.678366E-01 0.114192E+02
 0.454221E-02 -.857062E-02
 0.882175E-05 0.283740E-04
 0.455581E-02 -.865242E-02
 0.939358E-05 0.271870E-04
 0.455880E-02 -.869308E-02
 0.964580E-05 0.267782E-04
 0.453386E-02 -.865750E-02
 0.961722E-05 0.269993E-04
 0.448506E-02 -.855528E-02
 0.951603E-05 0.272283E-04
 0.428129E-02 -.810581E-02
 0.939383E-05 0.275745E-04
 0.398008E-02 -.742034E-02
 0.931745E-05 0.277987E-04
 0.361511E-02 -.657812E-02
 0.860057E-05 0.295601E-04
 0.317697E-02 -.554177E-02
 0.738812E-05 0.325641E-04
 0.275023E-02 -.439673E-02
 0.534004E-05 0.319569E-04
 0.283905E-02 -.106258E-02
 0.442437E-05 0.429264E-04
 0.175540E-02 -.953562E-02
 0.864165E-05 0.142584E-03
 0.212533E-02 -.109499E-03
 0.110406E-04 0.550771E-04
 0.229480E-02 0.310679E-02
 0.599858E-05 -.498995E-05
 0.193242E-02 -.200206E-02
 0.561591E-05 0.253248E-04
 0.168671E-02 -.336569E-02
 0.528311E-05 0.429858E-04
 0.151447E-02 -.297605E-02
 0.515444E-05 0.459480E-04
 0.139284E-02 -.232324E-02
 0.507954E-05 0.450084E-04
 0.129936E-02 -.176953E-02
 0.490106E-05 0.439398E-04
 0.122292E-02 -.135429E-02
 0.459740E-05 0.435170E-04
 0.117093E-02 -.107786E-02
 0.446192E-05 0.430692E-04
 0.111535E-02 -.751127E-03
 0.496506E-05 0.409216E-04
 0.111291E-02 -.686308E-03
 0.518393E-05 0.401167E-04
 2800 0
 2900 2
 0.7000000 0.3000000
01 0.403538E+00 0.293020E+01
02 0.397369E+00 0.294252E+01
03 0.390769E+00 0.295611E+01
04 0.382539E+00 0.297398E+01
05 0.374818E+00 0.299117E+01
06 0.350869E+00 0.304568E+01
07 0.316265E+00 0.312557E+01
08 0.273717E+00 0.322437E+01
09 0.228180E+00 0.333093E+01
10 0.192167E+00 0.347595E+01
11 0.179273E+00 0.383209E+01
12 0.113522E+00 0.364246E+01
13 0.916884E-01 0.375564E+01
14 0.999320E-01 0.401599E+01
15 0.884636E-01 0.407426E+01
16 0.738824E-01 0.405426E+01
17 0.613546E-01 0.402687E+01
18 0.518136E-01 0.400805E+01
19 0.447664E-01 0.399695E+01
20 0.398168E-01 0.399079E+01
21 0.364349E-01 0.398745E+01
22 0.314631E-01 0.398497E+01
23 0.296664E-01 0.398496E+01
 0.771275E-02 0.326933E-01
 0.441235E-04 0.707993E-04
 0.757528E-02 0.330146E-01
 0.432170E-04 0.729744E-04
 0.743347E-02 0.333489E-01
 0.422788E-04 0.753138E-04
 0.724448E-02 0.337935E-01
 0.408965E-04 0.786097E-04
 0.706811E-02 0.342070E-01
 0.396252E-04 0.816251E-04
 0.651887E-02 0.354920E-01
 0.357486E-04 0.907505E-04
 0.577652E-02 0.372264E-01
 0.309407E-04 0.102015E-03
 0.494888E-02 0.391624E-01
 0.261546E-04 0.113253E-03
 0.409724E-02 0.411794E-01
 0.214392E-04 0.124562E-03
 0.336366E-02 0.435418E-01
 0.164745E-04 0.133038E-03
 0.283236E-02 0.454128E-01
 0.988180E-05 0.917174E-04
 0.205818E-02 0.464599E-01
 0.116245E-04 0.156618E-03
 0.215786E-02 0.498495E-01
 0.155316E-04 0.179183E-03
 0.213235E-02 0.517199E-01
 0.130600E-04 0.164276E-03
 0.182697E-02 0.515725E-01
 0.109864E-04 0.162202E-03
 0.153554E-02 0.513675E-01
 0.928674E-05 0.163681E-03
 0.130711E-02 0.512747E-01
 0.808704E-05 0.165415E-03
 0.114566E-02 0.512484E-01
 0.734345E-05 0.166609E-03
 0.103222E-02 0.512542E-01
 0.687292E-05 0.167393E-03
 0.954559E-03 0.512717E-01
 0.656573E-05 0.167918E-03
 0.901951E-03 0.512912E-01
 0.635396E-05 0.168292E-03
 0.832644E-03 0.513238E-01
 0.614322E-05 0.168637E-03
 0.812446E-03 0.513324E-01
 0.612283E-05 0.168639E-03
 3000 4
 0.1500000 0.4000000 0.4000000 0.0500000
01 0.618084E+00 0.473617E+01 0.288984E+02 0.938374E+02
02 0.564817E+00 0.444356E+01 0.290061E+02 0.956860E+02
03 0.514099E+00 0.415476E+01 0.290398E+02 0.979927E+02
04 0.459179E+00 0.381524E+01 0.289834E+02 0.101449E+03
05 0.416833E+00 0.354402E+01 0.288448E+02 0.104930E+03
06 0.323886E+00 0.294863E+01 0.279589E+02 0.117188E+03
07 0.242547E+00 0.241936E+01 0.262146E+02 0.135699E+03
08 0.176000E+00 0.193749E+01 0.238716E+02 0.158539E+03
09 0.124625E+00 0.149239E+01 0.211164E+02 0.184368E+03
10 0.861623E-01 0.110132E+01 0.181154E+02 0.210321E+03
11 0.678033E-01 0.954207E+00 0.192084E+02 0.241180E+03
12 0.403084E-01 0.580047E+00 0.134819E+02 0.257030E+03
13 0.286190E-01 0.434314E+00 0.118336E+02 0.275771E+03
14 0.230747E-01 0.396886E+00 0.129472E+02 0.294598E+03
15 0.164813E-01 0.307638E+00 0.121098E+02 0.305935E+03
16 0.113594E-01 0.231343E+00 0.107298E+02 0.312626E+03
17 0.768732E-02 0.174258E+00 0.957300E+01 0.316914E+03
18 0.520125E-02 0.133225E+00 0.876496E+01 0.319734E+03
19 0.350910E-02 0.102994E+00 0.822577E+01 0.321619E+03
20 0.236488E-02 0.807159E-01 0.787847E+01 0.322856E+03
21 0.159628E-02 0.644312E-01 0.765854E+01 0.323655E+03
22 0.483427E-03 0.377100E-01 0.738669E+01 0.324676E+03
23 0.964781E-04 0.238096E-01 0.731089E+01 0.324986E+03
 0.674723E-03 0.150911E-01 -.232996E-01 -.735819E-01
 0.167221E-05 -.554318E-04 0.452653E-04 -.500667E-04
 0.623230E-03 0.133822E-01 -.209862E-01 -.791959E-01
 0.142745E-05 -.505487E-04 0.377388E-04 -.283066E-04
 0.576604E-03 0.118563E-01 -.184159E-01 -.879004E-01
 0.125515E-05 -.451767E-04 0.272712E-04 0.209964E-04
 0.537702E-03 0.103781E-01 -.156937E-01 -.979226E-01
 0.111221E-05 -.373245E-04 0.120579E-04 0.783422E-04
 0.512223E-03 0.938941E-02 -.138750E-01 -.104751E+00
 0.101140E-05 -.311267E-04 -.959513E-07 0.127061E-03
 0.441720E-03 0.758107E-02 -.953110E-02 -.125305E+00
 0.952513E-06 -.200475E-04 -.230307E-04 0.222973E-03
 0.376316E-03 0.610959E-02 -.450398E-02 -.153938E+00
 0.575788E-06 -.154456E-04 -.351306E-04 0.283759E-03
 0.310022E-03 0.480841E-02 0.670052E-03 -.184890E+00
 0.428338E-06 -.126893E-04 -.445265E-04 0.339061E-03
 0.243405E-03 0.369383E-02 0.717610E-02 -.226809E+00
 0.286907E-06 -.101586E-04 -.414218E-04 0.302217E-03
 0.215677E-03 0.317575E-02 0.155071E-01 -.264464E+00
 0.692493E-06 0.331037E-06 0.303597E-04 0.284755E-03
 0.147350E-03 0.221540E-02 0.239957E-01 -.300143E+00
 -.156190E-05 -.334840E-04 -.697478E-03 -.954833E-03
 0.857776E-04 0.137435E-02 0.732561E-02 -.370846E+00
 0.120297E-06 0.134781E-05 0.196969E-03 0.864059E-03
 0.133529E-03 0.229760E-02 0.411108E-01 -.344615E+00
 0.473930E-06 0.826143E-05 0.763924E-04 0.552211E-03
 0.107124E-03 0.202859E-02 0.447266E-01 -.364082E+00
 -.158967E-07 -.601517E-06 -.213140E-03 0.384521E-04
 0.746127E-04 0.154842E-02 0.290019E-01 -.410731E+00
 -.235803E-07 0.785337E-06 -.926853E-04 0.266633E-03
 0.534885E-04 0.124809E-02 0.265521E-01 -.427015E+00
 -.183276E-07 0.112182E-05 -.488832E-04 0.348735E-03
 0.386042E-04 0.103605E-02 0.283892E-01 -.431931E+00
 0.252032E-08 0.118417E-05 -.418932E-04 0.350753E-03
 0.283227E-04 0.884592E-03 0.307725E-01 -.435284E+00
 0.190799E-07 0.126051E-05 -.453744E-04 0.345310E-03
 0.205921E-04 0.769114E-03 0.327177E-01 -.438244E+00
 0.225760E-07 0.139436E-05 -.501183E-04 0.342504E-03
 0.147201E-04 0.678894E-03 0.340650E-01 -.440318E+00
 0.190305E-07 0.154644E-05 -.533424E-04 0.337506E-03
 0.102490E-04 0.609171E-03 0.349624E-01 -.441761E+00
 0.119097E-07 0.166536E-05 -.554660E-04 0.333850E-03
 0.292729E-05 0.482485E-03 0.361522E-01 -.443714E+00
 0.107046E-08 0.189844E-05 -.581352E-04 0.328036E-03
 0.519127E-06 0.392305E-03 0.365640E-01 -.444332E+00
 0.541003E-09 0.193168E-05 -.588912E-04 0.326289E-03
 3100 2
 0.7000000 0.3000000
01 0.673920E+00 0.233082E+01
02 0.650635E+00 0.238635E+01
03 0.626053E+00 0.244424E+01
04 0.595255E+00 0.251673E+01
05 0.568117E+00 0.258041E+01
06 0.495580E+00 0.275008E+01
07 0.411055E+00 0.294738E+01
08 0.325684E+00 0.314653E+01
09 0.248695E+00 0.332669E+01
10 0.192393E+00 0.357374E+01
11 0.171291E+00 0.391165E+01
12 0.992883E-01 0.372015E+01
13 0.800472E-01 0.382786E+01
14 0.826924E-01 0.410659E+01
15 0.681588E-01 0.417007E+01
16 0.544542E-01 0.414687E+01
17 0.437182E-01 0.411467E+01
18 0.356971E-01 0.409195E+01
19 0.296335E-01 0.407835E+01
20 0.251049E-01 0.407107E+01
21 0.216968E-01 0.406771E+01
22 0.160126E-01 0.406679E+01
23 0.140728E-01 0.406709E+01
 0.157311E-02 -.239887E-02
 -.390930E-05 0.127762E-04
 0.149320E-02 -.222730E-02
 -.363460E-05 0.121761E-04
 0.141808E-02 -.206082E-02
 -.324731E-05 0.113696E-04
 0.133942E-02 -.188256E-02
 -.278509E-05 0.102925E-04
 0.127696E-02 -.174158E-02
 -.246752E-05 0.957109E-05
 0.113001E-02 -.140679E-02
 -.182951E-05 0.812042E-05
 0.987885E-03 -.108056E-02
 -.110852E-05 0.646703E-05
 0.859493E-03 -.782182E-03
 -.480377E-06 0.504336E-05
 0.739376E-03 -.487315E-03
 -.665276E-07 0.422125E-05
 0.716405E-03 0.233863E-04
 -.419513E-08 -.127543E-04
 0.584382E-03 0.307934E-03
 -.627878E-05 -.568268E-04
 0.388319E-03 -.874656E-03
 0.120622E-05 0.219380E-04
 0.664821E-03 0.148538E-02
 0.331295E-05 0.109291E-04
 0.630028E-03 0.141310E-02
 0.997582E-06 -.124919E-04
 0.535250E-03 -.785100E-04
 0.999799E-06 -.114178E-05
 0.458741E-03 -.277871E-03
 0.960660E-06 0.290340E-05
 0.396860E-03 -.716580E-04
 0.892824E-06 0.355759E-05
 0.348681E-03 0.166264E-03
 0.839705E-06 0.336039E-05
 0.311393E-03 0.355819E-03
 0.812958E-06 0.304801E-05
 0.285335E-03 0.486927E-03
 0.840091E-06 0.270790E-05
 0.269751E-03 0.568930E-03
 0.926712E-06 0.231928E-05
 0.254991E-03 0.660976E-03
 0.123725E-05 0.135757E-05
 0.255199E-03 0.677725E-03
 0.130894E-05 0.111891E-05
 3200 0
 3300 0
 3400 0
 3500 0
 3600 0
 3700 0
 3800 0
 3900 0
 4000 2
 0.7000000 0.3000000
01 0.774517E-01 0.422756E+01
02 0.678666E-01 0.425112E+01
03 0.594005E-01 0.427175E+01
04 0.507847E-01 0.429239E+01
05 0.447195E-01 0.430677E+01
06 0.334034E-01 0.433324E+01
07 0.251754E-01 0.435217E+01
08 0.194611E-01 0.436545E+01
09 0.153873E-01 0.437790E+01
10 0.127560E-01 0.444538E+01
11 0.959889E-02 0.446765E+01
12 0.739961E-02 0.446251E+01
13 0.659785E-02 0.472140E+01
14 0.550837E-02 0.488176E+01
15 0.434505E-02 0.484932E+01
16 0.333316E-02 0.478310E+01
17 0.250688E-02 0.472883E+01
18 0.187836E-02 0.469210E+01
19 0.141449E-02 0.466814E+01
20 0.108057E-02 0.465295E+01
21 0.836283E-03 0.464341E+01
22 0.423688E-03 0.463173E+01
23 0.208932E-03 0.462845E+01
 -.314805E-04 -.500254E-02
 -.311771E-06 0.954236E-05
 -.323712E-04 -.501190E-02
 -.266249E-06 0.955932E-05
 -.305786E-04 -.502082E-02
 -.166779E-06 0.932054E-05
 -.267117E-04 -.503578E-02
 -.607637E-07 0.910010E-05
 -.198105E-04 -.505543E-02
 -.253867E-07 0.903329E-05
 -.201956E-05 -.510210E-02
 -.245132E-07 0.905494E-05
 0.116190E-04 -.513670E-02
 -.481604E-07 0.913698E-05
 0.206327E-04 -.515304E-02
 -.616952E-07 0.920666E-05
 0.246301E-04 -.512112E-02
 -.767579E-07 0.932294E-05
 0.324869E-04 -.226222E-02
 -.704216E-07 0.387004E-04
 0.150112E-04 -.764978E-02
 -.135871E-07 0.386406E-04
 0.211386E-04 -.459221E-02
 -.840984E-08 0.130410E-04
 0.250788E-04 -.282112E-02
 -.728741E-07 -.547828E-05
 0.189336E-04 -.518714E-02
 -.544116E-07 0.858258E-06
 0.152833E-04 -.619046E-02
 -.421716E-07 0.104135E-04
 0.126253E-04 -.618047E-02
 -.296712E-07 0.122550E-04
 0.103559E-04 -.596009E-02
 -.157019E-07 0.118258E-04
 0.837371E-05 -.576462E-02
 -.631103E-08 0.111155E-04
 0.681191E-05 -.562554E-02
 -.152914E-08 0.105539E-04
 0.562375E-05 -.553391E-02
 -.556934E-09 0.101780E-04
 0.471787E-05 -.547502E-02
 0.414949E-09 0.993227E-05
 0.320642E-05 -.540018E-02
 0.498800E-08 0.961605E-05
 0.211374E-05 -.537631E-02
 0.364190E-08 0.952828E-05
 4100 0
 4200 0
 4300 0
 4400 0
 4500 0
 4600 0
 4700 0
 4800 0
 4900 0
 5000 0
 5100 0
 5200 0
 5300 0
 5400 0
 5500 0
 5600 0
 5700 0
 5800 0
 5900 0
 6000 0
 6100 0
 6200 0
 6300 0
 6400 0
 6500 0
 6600 0
 6700 0
 6800 0
 6900 0
 7000 0
 7100 0
 7200 0
 7300 0
 7400 0
 7500 0
 7600 0
 7700 0
 7800 0
 7900 0
 8000 0
 8100 0
 8200 0
 8300 0
 8400 0
 8500 0
 8600 0
 8700 0
 8800 0
 8900 0
 9000 0
 9100 0
 9200 0
 9300 0
 9400 0
 9500 0
 9600 0
 9700 0
 9800 0
 9900 0
 10000 0
 10100 0
 10200 0
 10300 0
 10400 0
 10500 0
 10600 0
 10700 0
 10800 0
 10900 0
 11000 0
 11100 0
 11200 0
 11300 0
 11400 0
 11500 0
 11600 0
 11700 0
 11800 0
 11900 0
 12000 0
 12100 0
 12200 0
 12300 0
 12400 0
 12500 0
 12600 0
 12700 0
 12800 0
 12900 0
 13000 0
 13100 0
 13200 0
 13300 0
 13400 0
 13500 0
 13600 0
 13700 0
 13800 0
 13900 0
 14000 0
 14100 0
 14200 0
 14300 0
 14400 0
 14800 0
 15200 0
 15600 0
 16000 0
 16400 0
 16800 0
 17200 0
 17600 0
 18000 0
 18400 0
 18800 0
 19200 0
 19600 0
 20000 0
 20400 0
 20800 0
 21200 0
 21600 0
 22000 0
 22400 0
 22800 0
 23200 0
 23600 0
 24000 0
 24400 0
 24800 0
