01   0.0 1013.00000 299.7 0.25930E+05 0.33000E+03 0.28690E-01 0.32000E+00 0.15000E+00 0.17000E+01 0.20900E+06 0.24500E+20 0.23000E-04 0.30000E-03
02   1.0  904.00000 293.7 0.19490E+05 0.33000E+03 0.31500E-01 0.32000E+00 0.14500E+00 0.17000E+01 0.20900E+06 0.22310E+20 0.23000E-04 0.27400E-03
03   2.0  805.00000 287.7 0.15340E+05 0.33000E+03 0.33420E-01 0.32000E+00 0.13990E+00 0.17000E+01 0.20900E+06 0.20280E+20 0.23000E-04 0.23600E-03
04   3.0  715.00000 283.7 0.86000E+04 0.33000E+03 0.35040E-01 0.32000E+00 0.13490E+00 0.17000E+01 0.20900E+06 0.18270E+20 0.23000E-04 0.19000E-03
05   4.0  633.00000 277.0 0.44410E+04 0.33000E+03 0.35610E-01 0.32000E+00 0.13120E+00 0.17000E+01 0.20900E+06 0.16560E+20 0.23000E-04 0.14600E-03
06   5.0  559.00000 270.3 0.33460E+04 0.33000E+03 0.37670E-01 0.32000E+00 0.13030E+00 0.17000E+01 0.20900E+06 0.14990E+20 0.23000E-04 0.11800E-03
07   6.0  492.00000 263.6 0.21010E+04 0.33000E+03 0.39890E-01 0.32000E+00 0.12880E+00 0.17000E+01 0.20900E+06 0.13530E+20 0.23000E-04 0.97100E-04
08   7.0  432.00000 257.0 0.12890E+04 0.33000E+03 0.42230E-01 0.32000E+00 0.12470E+00 0.16990E+01 0.20900E+06 0.12180E+20 0.23000E-04 0.83000E-04
09   8.0  378.00000 250.3 0.76370E+03 0.33000E+03 0.44710E-01 0.32000E+00 0.11850E+00 0.16970E+01 0.20900E+06 0.10950E+20 0.23000E-04 0.72100E-04
10   9.0  329.00000 243.6 0.40980E+03 0.33000E+03 0.50000E-01 0.31950E+00 0.10940E+00 0.16930E+01 0.20900E+06 0.97890E+19 0.23200E-04 0.65600E-04
11  10.0  286.00000 237.0 0.19120E+03 0.33000E+03 0.55950E-01 0.31790E+00 0.99620E-01 0.16850E+01 0.20900E+06 0.87470E+19 0.23800E-04 0.60800E-04
12  11.0  247.00000 230.1 0.73060E+02 0.33000E+03 0.66130E-01 0.31400E+00 0.89640E-01 0.16750E+01 0.20900E+06 0.77800E+19 0.26200E-04 0.57900E-04
13  12.0  213.00000 223.6 0.29050E+02 0.33000E+03 0.78150E-01 0.30950E+00 0.78140E-01 0.16620E+01 0.20900E+06 0.69040E+19 0.31500E-04 0.56000E-04
14  13.0  182.00000 217.0 0.99000E+01 0.33000E+03 0.92890E-01 0.30480E+00 0.63740E-01 0.16450E+01 0.20900E+06 0.60790E+19 0.44500E-04 0.55900E-04
15  14.0  156.00000 210.3 0.62200E+01 0.33000E+03 0.10500E+00 0.29990E+00 0.50250E-01 0.16260E+01 0.20900E+06 0.53770E+19 0.74800E-04 0.56400E-04
16  15.0  132.00000 203.7 0.40000E+01 0.33000E+03 0.12560E+00 0.29440E+00 0.39410E-01 0.16050E+01 0.20900E+06 0.46970E+19 0.17100E-03 0.57500E-04
17  16.0  111.00000 197.0 0.30000E+01 0.33000E+03 0.14440E+00 0.28770E+00 0.30690E-01 0.15820E+01 0.20900E+06 0.40840E+19 0.31900E-03 0.57500E-04
18  17.0   93.70000 194.8 0.29000E+01 0.33000E+03 0.25000E+00 0.27830E+00 0.24890E-01 0.15530E+01 0.20900E+06 0.34860E+19 0.51900E-03 0.53700E-04
19  18.0   78.90000 198.8 0.27500E+01 0.33000E+03 0.50000E+00 0.26710E+00 0.19660E-01 0.15210E+01 0.20900E+06 0.28770E+19 0.77100E-03 0.47800E-04
20  19.0   66.60000 202.7 0.26000E+01 0.33000E+03 0.95000E+00 0.25270E+00 0.15490E-01 0.14800E+01 0.20900E+06 0.23810E+19 0.10600E-02 0.39700E-04
21  20.0   56.50000 206.7 0.26000E+01 0.33000E+03 0.14000E+01 0.23650E+00 0.13310E-01 0.14240E+01 0.20900E+06 0.19810E+19 0.13900E-02 0.31900E-04
22  21.0   48.00000 210.7 0.26500E+01 0.33000E+03 0.18000E+01 0.21940E+00 0.12320E-01 0.13550E+01 0.20900E+06 0.16510E+19 0.17600E-02 0.26700E-04
23  22.0   40.90000 214.6 0.28000E+01 0.33000E+03 0.24000E+01 0.20510E+00 0.12320E-01 0.12720E+01 0.20900E+06 0.13810E+19 0.21600E-02 0.22800E-04
24  23.0   35.00000 217.0 0.29000E+01 0.33000E+03 0.34000E+01 0.19670E+00 0.13070E-01 0.11910E+01 0.20900E+06 0.11690E+19 0.25800E-02 0.20700E-04
25  24.0   30.00000 219.2 0.32000E+01 0.33000E+03 0.43000E+01 0.18750E+00 0.14000E-01 0.11180E+01 0.20900E+06 0.99200E+18 0.30600E-02 0.19000E-04
26  25.0   25.70000 221.4 0.32500E+01 0.33000E+03 0.54000E+01 0.17560E+00 0.15210E-01 0.10550E+01 0.20900E+06 0.84130E+18 0.37400E-02 0.17500E-04
27  27.5   17.63000 227.0 0.36000E+01 0.33000E+03 0.78000E+01 0.15880E+00 0.17220E-01 0.98700E+00 0.20900E+06 0.56290E+18 0.61600E-02 0.13400E-04
28  30.0   12.20000 232.3 0.40000E+01 0.33000E+03 0.93000E+01 0.14160E+00 0.19950E-01 0.91360E+00 0.20900E+06 0.38070E+18 0.72800E-02 0.11600E-04
29  32.5    8.52000 237.7 0.43000E+01 0.33000E+03 0.98500E+01 0.11650E+00 0.22660E-01 0.83000E+00 0.20900E+06 0.25980E+18 0.40300E-02 0.13600E-04
30  35.0    6.00000 243.1 0.46000E+01 0.33000E+03 0.97000E+01 0.92750E-01 0.24870E-01 0.74600E+00 0.20900E+06 0.17890E+18 0.11500E-02 0.21000E-04
31  37.5    4.26000 248.5 0.49000E+01 0.33000E+03 0.88000E+01 0.66930E-01 0.27380E-01 0.66180E+00 0.20900E+06 0.12430E+18 0.44300E-03 0.35600E-04
32  40.0    3.05000 254.0 0.52000E+01 0.33000E+03 0.75000E+01 0.45130E-01 0.30980E-01 0.56380E+00 0.20900E+06 0.87030E+17 0.23100E-03 0.43200E-04
33  42.5    2.20000 259.4 0.55000E+01 0.33000E+03 0.59000E+01 0.27510E-01 0.35100E-01 0.46140E+00 0.20900E+06 0.61470E+17 0.23100E-03 0.43200E-04
34  45.0    1.59000 264.8 0.57000E+01 0.33000E+03 0.45000E+01 0.15910E-01 0.39870E-01 0.36310E+00 0.20900E+06 0.43520E+17 0.23100E-03 0.43200E-04
35  47.5    1.16000 269.6 0.59000E+01 0.33000E+03 0.34500E+01 0.93780E-02 0.44820E-01 0.27730E+00 0.20900E+06 0.31190E+17 0.23100E-03 0.43200E-04
36  50.0    0.85400 270.2 0.60000E+01 0.33000E+03 0.28000E+01 0.47520E-02 0.50920E-01 0.21000E+00 0.20900E+06 0.22910E+17 0.23100E-03 0.43200E-04
37  55.0    0.45600 263.4 0.60000E+01 0.33000E+03 0.18000E+01 0.30000E-02 0.59850E-01 0.16510E+00 0.20900E+06 0.12550E+17 0.23100E-03 0.43200E-04
38  60.0    0.23900 253.1 0.60000E+01 0.33000E+03 0.11000E+01 0.20650E-02 0.69600E-01 0.15000E+00 0.20900E+06 0.68440E+16 0.23100E-03 0.43200E-04
39  65.0    0.12100 236.0 0.54000E+01 0.33000E+03 0.65000E+00 0.15070E-02 0.91880E-01 0.15000E+00 0.20900E+06 0.37160E+16 0.23100E-03 0.43200E-04
40  70.0    0.05800 218.9 0.45000E+01 0.33000E+03 0.30000E+00 0.11490E-02 0.19380E+00 0.15000E+00 0.20900E+06 0.19200E+16 0.23100E-03 0.43200E-04
41  75.0    0.02600 201.8 0.33000E+01 0.33000E+03 0.18000E+00 0.88900E-03 0.56880E+00 0.15000E+00 0.20900E+06 0.93380E+15 0.23100E-03 0.43200E-04
42  80.0    0.01100 184.8 0.21000E+01 0.32800E+03 0.33000E+00 0.70560E-03 0.15490E+01 0.15000E+00 0.20900E+06 0.43140E+15 0.23100E-03 0.43200E-04
43  85.0    0.00440 177.1 0.13000E+01 0.32000E+03 0.50000E+00 0.57160E-03 0.38490E+01 0.15000E+00 0.20000E+06 0.18010E+15 0.23100E-03 0.43200E-04
44  90.0    0.00172 177.0 0.85000E+00 0.31000E+03 0.52000E+00 0.47080E-03 0.65900E+01 0.14000E+00 0.19000E+06 0.70430E+14 0.23100E-03 0.43200E-04
45  95.0    0.00069 184.3 0.54000E+00 0.27000E+03 0.50000E+00 0.39320E-03 0.10440E+02 0.13000E+00 0.18000E+06 0.27060E+14 0.23100E-03 0.43200E-04
46 100.0    0.00029 190.7 0.40000E+00 0.19500E+03 0.40000E+00 0.33230E-03 0.17050E+02 0.12000E+00 0.16000E+06 0.10980E+14 0.23100E-03 0.43200E-04
47 105.0    0.00013 212.0 0.34000E+00 0.11000E+03 0.20000E+00 0.28370E-03 0.24710E+02 0.11000E+00 0.14000E+06 0.44450E+13 0.23100E-03 0.43200E-04
48 110.0    0.00006 241.6 0.28000E+00 0.60000E+02 0.50000E-01 0.24430E-03 0.33580E+02 0.95000E-01 0.12000E+06 0.19410E+13 0.23100E-03 0.43200E-04
49 115.0    0.00004 299.7 0.24000E+00 0.40000E+02 0.50000E-02 0.21200E-03 0.41480E+02 0.60000E-01 0.94000E+05 0.87060E+12 0.17000E-03 0.35800E-06
50 120.0    0.00002 380.0 0.20000E+00 0.35000E+02 0.50000E-03 0.18510E-03 0.50000E+02 0.30000E-01 0.72500E+05 0.42250E+12 0.17000E-03 0.35800E-06
