
Detailed residuals after final iteration
            noise          abs            rel    noise          abs            rel    noise          abs            rel    noise          abs            rel    noise          abs            rel
   0.02998    1:   0.27878E-03        0.03888 %    2:   0.28704E-04        0.00314 %    3:   0.26394E-07        0.00931 %    4:   0.18527E-07        0.00858 %    5:   0.12189E-07        0.00466 %      pixel # 1      Residual after iteration # 27

Date:             2014-09-07
Time:               16:15:53
Longitude:            3.1420
Latitude :           50.6120
Parameter #, Vector of retrieved parameters
             1   0.31000E-03
             2   0.10422E-01
             3   0.39179E-01
             4   0.50983E-01
             5   0.59706E-01
             6   0.36432E-01
             7   0.16244E-01
             8   0.45479E-02
             9   0.13440E-02
            10   0.64590E-03
            11   0.12231E-02
            12   0.64332E-02
            13   0.22119E-01
            14   0.57938E-01
            15   0.12243E+00
            16   0.20921E+00
            17   0.29344E+00
            18   0.32972E+00
            19   0.31268E+00
            20   0.22927E+00
            21   0.14498E+00
            22   0.72968E-01
            23   0.25271E-01
            24   0.43630E-02
            25   0.31000E-03
            26   0.15133E+01
            27   0.15119E+01
            28   0.15119E+01
            29   0.15115E+01
            30   0.15124E+01
            31   0.15132E+01
            32   0.15130E+01
            33   0.15578E+01
            34   0.15603E+01
            35   0.15587E+01
            36   0.15599E+01
            37   0.15597E+01
            38   0.15595E+01
            39   0.15599E+01
            40   0.20364E-01
            41   0.20442E-01
            42   0.20806E-01
            43   0.21265E-01
            44   0.21045E-01
            45   0.21025E-01
            46   0.21025E-01
            47   0.57380E-02
            48   0.31236E-02
            49   0.19879E-02
            50   0.12795E-02
            51   0.99961E-03
            52   0.10014E-02
            53   0.10017E-02
            54   0.10093E+00
            55   0.12651E-02
            56   0.15282E-02
            57   0.17909E-02
            58   0.21469E-02
            59   0.24972E-02
            60   0.28557E-02
            61   0.32921E-02
            62   0.38262E-02
            63   0.42658E-02
            64   0.47952E-02
            65   0.54116E-02
            66   0.60325E-02
            67   0.66522E-02
            68   0.72727E-02
            69   0.79715E-02
            70   0.86870E-02
            71   0.93885E-02
            72   0.10092E-01
            73   0.10794E-01
            74   0.11592E-01
            75   0.12312E-01
            76   0.13024E-01
            77   0.13869E-01
            78   0.14588E-01
            79   0.15329E-01
            80   0.16078E-01
            81   0.16818E-01
            82   0.17542E-01
            83   0.18278E-01
            84   0.18974E-01
            85   0.19632E-01
            86   0.20264E-01
            87   0.20876E-01
            88   0.21504E-01
            89   0.22118E-01
            90   0.22647E-01
            91   0.23166E-01
            92   0.23692E-01
            93   0.24215E-01
            94   0.24644E-01
            95   0.25079E-01
            96   0.25610E-01
            97   0.25956E-01
            98   0.26397E-01
            99   0.26837E-01
           100   0.27186E-01
           101   0.27529E-01
           102   0.27884E-01
           103   0.28148E-01
           104   0.28500E-01
           105   0.28763E-01
           106   0.29116E-01
           107   0.29377E-01
           108   0.29548E-01
           109   0.29820E-01
           110   0.30088E-01
           111   0.30249E-01
           112   0.30526E-01
           113   0.30693E-01
           114   0.30877E-01
           115   0.59401E-03
           116   0.59479E-03
           117   0.59579E-03
           118   0.59390E-03
           119   0.59518E-03
           120   0.59178E-03
           121   0.59406E-03
           122   0.59104E-03
           123   0.59179E-03
           124   0.59101E-03
           125   0.59128E-03
           126   0.58867E-03
           127   0.58722E-03
           128   0.58475E-03
           129   0.58839E-03
           130   0.24093E-02
           131   0.85025E-02
           132   0.22515E-01
           133   0.49322E-01
           134   0.91969E-01
           135   0.14986E+00
           136   0.21692E+00
           137   0.28460E+00
           138   0.34261E+00
           139   0.38298E+00
           140   0.40319E+00
           141   0.40327E+00
           142   0.38564E+00
           143   0.35639E+00
           144   0.31921E+00
           145   0.27950E+00
           146   0.23981E+00
           147   0.20257E+00
           148   0.16899E+00
           149   0.14028E+00
           150   0.11524E+00
           151   0.94493E-01
           152   0.77391E-01
           153   0.63351E-01
           154   0.52367E-01
           155   0.42600E-01
           156   0.35272E-01
           157   0.29170E-01
           158   0.24284E-01
           159   0.20008E-01
           160   0.16958E-01
           161   0.14522E-01
           162   0.12078E-01
           163   0.10247E-01
           164   0.90258E-02
           165   0.78088E-02
           166   0.65829E-02
           167   0.59770E-02
           168   0.53668E-02
           169   0.47524E-02
           170   0.41396E-02
           171   0.35399E-02
           172   0.29198E-02
           173   0.29259E-02
           174   0.23098E-02
           175   0.29931E-01
           176   0.54737E-01
           177   0.82492E-01
           178   0.12461E+00
           179   0.32138E+00
           180   0.31308E+00
           181   0.31096E+00
           182   0.61740E-02
           183   0.23644E-01
           184   0.42635E-01
           185   0.71903E-01
           186   0.21466E+00
           187   0.20909E+00
           188   0.20767E+00
           189   0.42200E-02
           190   0.86780E-02
           191   0.13624E-01
           192   0.21164E-01
           193   0.26278E-01
           194   0.25621E-01
           195   0.25453E-01
           196   0.21000E+01
           197   0.21000E+01
           198   0.21000E+01
           199   0.21000E+01
           200   0.21000E+01
           201   0.21000E+01
           202   0.21000E+01

*** DETAILED PARAMETERS ***
Date:             2014-09-07
Time:               16:15:53
Longitude:            3.1420
Latitude :           50.6120
Size Distribution dV/dlnr (normalized to 1) for 1 - fraction
   0.50000E-01   0.51924E-02
   0.65604E-01   0.17456E+00
   0.86077E-01   0.65622E+00
   0.11294E+00   0.85394E+00
   0.14818E+00   0.10000E+01
   0.19443E+00   0.61022E+00
   0.25511E+00   0.27208E+00
   0.33472E+00   0.76175E-01
   0.43917E+00   0.22511E-01
   0.57623E+00   0.10818E-01
Size Distribution dV/dlnr (normalized to 1) for 2 - fraction
   0.33472E+00   0.24576E-02
   0.43917E+00   0.12926E-01
   0.57623E+00   0.44444E-01
   0.75605E+00   0.11641E+00
   0.99199E+00   0.24600E+00
   0.13016E+01   0.42037E+00
   0.17078E+01   0.58961E+00
   0.22407E+01   0.66251E+00
   0.29400E+01   0.62827E+00
   0.38575E+01   0.46068E+00
   0.50613E+01   0.29131E+00
   0.66407E+01   0.14661E+00
   0.87131E+01   0.50777E-01
   0.11432E+02   0.87666E-02
   0.15000E+02   0.62288E-03
Aerosol volume concentration (um^3/um^2 or um^3/um^3)
             1   0.59703E-01
             2   0.49769E+00
% of spherical particles 1 - fraction
             1   0.10093E+02
Aerosol vertical profile [1/m] 1 - fraction
   1  10000.00   0.10947E-04
   2   9422.98   0.13223E-04
   3   8879.26   0.15496E-04
   4   8366.92   0.18576E-04
   5   7884.13   0.21608E-04
   6   7429.21   0.24709E-04
   7   7000.53   0.28485E-04
   8   6596.59   0.33107E-04
   9   6215.96   0.36911E-04
  10   5857.29   0.41491E-04
  11   5519.31   0.46824E-04
  12   5200.84   0.52197E-04
  13   4900.74   0.57559E-04
  14   4617.96   0.62928E-04
  15   4351.50   0.68975E-04
  16   4100.41   0.75165E-04
  17   3863.81   0.81235E-04
  18   3640.86   0.87326E-04
  19   3430.78   0.93398E-04
  20   3232.82   0.10030E-03
  21   3046.28   0.10653E-03
  22   2870.51   0.11269E-03
  23   2704.87   0.12000E-03
  24   2548.80   0.12622E-03
  25   2401.73   0.13264E-03
  26   2263.15   0.13911E-03
  27   2132.56   0.14552E-03
  28   2009.51   0.15178E-03
  29   1893.55   0.15816E-03
  30   1784.29   0.16418E-03
  31   1681.34   0.16987E-03
  32   1584.32   0.17533E-03
  33   1492.90   0.18064E-03
  34   1406.76   0.18607E-03
  35   1325.59   0.19138E-03
  36   1249.10   0.19595E-03
  37   1177.03   0.20044E-03
  38   1109.11   0.20500E-03
  39   1045.11   0.20952E-03
  40    984.81   0.21324E-03
  41    927.98   0.21700E-03
  42    874.44   0.22160E-03
  43    823.98   0.22459E-03
  44    776.44   0.22840E-03
  45    731.63   0.23221E-03
  46    689.42   0.23523E-03
  47    649.64   0.23820E-03
  48    612.15   0.24127E-03
  49    576.83   0.24355E-03
  50    543.55   0.24660E-03
  51    512.18   0.24888E-03
  52    482.63   0.25193E-03
  53    454.78   0.25419E-03
  54    428.54   0.25567E-03
  55    403.81   0.25803E-03
  56    380.51   0.26034E-03
  57    358.55   0.26173E-03
  58    337.87   0.26413E-03
  59    318.37   0.26558E-03
  60    300.00   0.26717E-03
Aerosol vertical profile [1/m] 2 - fraction
   1  10000.00   0.95467E-06
   2   9422.98   0.95592E-06
   3   8879.26   0.95754E-06
   4   8366.92   0.95449E-06
   5   7884.13   0.95655E-06
   6   7429.21   0.95108E-06
   7   7000.53   0.95475E-06
   8   6596.59   0.94990E-06
   9   6215.96   0.95111E-06
  10   5857.29   0.94985E-06
  11   5519.31   0.95028E-06
  12   5200.84   0.94608E-06
  13   4900.74   0.94376E-06
  14   4617.96   0.93979E-06
  15   4351.50   0.94563E-06
  16   4100.41   0.38721E-05
  17   3863.81   0.13665E-04
  18   3640.86   0.36185E-04
  19   3430.78   0.79269E-04
  20   3232.82   0.14781E-03
  21   3046.28   0.24085E-03
  22   2870.51   0.34863E-03
  23   2704.87   0.45739E-03
  24   2548.80   0.55063E-03
  25   2401.73   0.61551E-03
  26   2263.15   0.64799E-03
  27   2132.56   0.64812E-03
  28   2009.51   0.61979E-03
  29   1893.55   0.57278E-03
  30   1784.29   0.51302E-03
  31   1681.34   0.44919E-03
  32   1584.32   0.38541E-03
  33   1492.90   0.32557E-03
  34   1406.76   0.27159E-03
  35   1325.59   0.22546E-03
  36   1249.10   0.18521E-03
  37   1177.03   0.15187E-03
  38   1109.11   0.12438E-03
  39   1045.11   0.10182E-03
  40    984.81   0.84163E-04
  41    927.98   0.68465E-04
  42    874.44   0.56687E-04
  43    823.98   0.46881E-04
  44    776.44   0.39028E-04
  45    731.63   0.32157E-04
  46    689.42   0.27255E-04
  47    649.64   0.23339E-04
  48    612.15   0.19411E-04
  49    576.83   0.16469E-04
  50    543.55   0.14506E-04
  51    512.18   0.12550E-04
  52    482.63   0.10580E-04
  53    454.78   0.96060E-05
  54    428.54   0.86252E-05
  55    403.81   0.76378E-05
  56    380.51   0.66529E-05
  57    358.55   0.56892E-05
  58    337.87   0.46925E-05
  59    318.37   0.47023E-05
  60    300.00   0.37123E-05
Angstrom exp ( 0.674 / 0.871 )
                 0.37567E+00
Wavelength (um), Total_AOD (unitless or 1/um)
       0.35500   0.11643E+01
       0.44040   0.97159E+00
       0.53200   0.84104E+00
       0.67390   0.72597E+00
       0.87090   0.65930E+00
       1.01970   0.62977E+00
       1.06400   0.63426E+00
Wavelength (um), Fine_AOD (unitless or 1/um)
       0.35500   0.67855E+00
       0.44040   0.48184E+00
       0.53200   0.33302E+00
       0.67390   0.19938E+00
       0.87090   0.10735E+00
       1.01970   0.71351E-01
       1.06400   0.63992E-01
Wavelength (um), Coarse_AOD (unitless or 1/um)
       0.35500   0.48575E+00
       0.44040   0.48975E+00
       0.53200   0.50802E+00
       0.67390   0.52659E+00
       0.87090   0.55194E+00
       1.01970   0.55841E+00
       1.06400   0.57026E+00
Wavelength (um), Total_SSA
       0.35500   0.85494E+00
       0.44040   0.88472E+00
       0.53200   0.90740E+00
       0.67390   0.92958E+00
       0.87090   0.94726E+00
       1.01970   0.95389E+00
       1.06400   0.95636E+00
Wavelength (um), Fine_SSA
       0.35500   0.90036E+00
       0.44040   0.89249E+00
       0.53200   0.87745E+00
       0.67390   0.84926E+00
       0.87090   0.80582E+00
       1.01970   0.76484E+00
       1.06400   0.75253E+00
Wavelength (um), Coarse_SSA
       0.35500   0.79150E+00
       0.44040   0.87707E+00
       0.53200   0.92704E+00
       0.67390   0.95999E+00
       0.87090   0.97477E+00
       1.01970   0.97804E+00
       1.06400   0.97924E+00
Wavelength (um), Total_AAOD (unitless or 1/um)
       0.35500   0.16889E+00
       0.44040   0.11201E+00
       0.53200   0.77878E-01
       0.67390   0.51123E-01
       0.87090   0.34773E-01
       1.01970   0.29039E-01
       1.06400   0.27676E-01
Wavelength (um), Fine_AAOD (unitless or 1/um)
       0.35500   0.67611E-01
       0.44040   0.51804E-01
       0.53200   0.40812E-01
       0.67390   0.30054E-01
       0.87090   0.20845E-01
       1.01970   0.16779E-01
       1.06400   0.15836E-01
Wavelength (um), Coarse_AAOD (unitless or 1/um)
       0.35500   0.10128E+00
       0.44040   0.60204E-01
       0.53200   0.37066E-01
       0.67390   0.21069E-01
       0.87090   0.13928E-01
       1.01970   0.12260E-01
       1.06400   0.11840E-01
Wavelength (um), REAL Ref. Index
           1
       0.35500       1.51330
       0.44040       1.51189
       0.53200       1.51193
       0.67390       1.51149
       0.87090       1.51243
       1.01970       1.51319
       1.06400       1.51302
           2
       0.35500       1.55781
       0.44040       1.56032
       0.53200       1.55871
       0.67390       1.55991
       0.87090       1.55968
       1.01970       1.55953
       1.06400       1.55991
Wavelength (um), IMAG Ref. Index
           1
       0.35500   0.20364E-01
       0.44040   0.20442E-01
       0.53200   0.20806E-01
       0.67390   0.21265E-01
       0.87090   0.21045E-01
       1.01970   0.21025E-01
       1.06400   0.21025E-01
           2
       0.35500   0.57380E-02
       0.44040   0.31236E-02
       0.53200   0.19879E-02
       0.67390   0.12795E-02
       0.87090   0.99961E-03
       1.01970   0.10014E-02
       1.06400   0.10017E-02
Wavelength (um),  Lidar Ratio (Total)
       0.35500      85.93343
       0.44040      54.21301
       0.53200      39.66329
       0.67390      29.81153
       0.87090      25.78773
       1.01970      24.47675
       1.06400      24.94633
Wavelength (um), Lidar Ratio (Fine)
       0.35500     104.61197
       0.44040      84.10794
       0.53200      65.54751
       0.67390      47.53068
       0.87090      34.51308
       1.01970      28.46573
       1.06400      28.32594
Wavelength (um), Lidar Ratio (Coarse)
       0.35500      68.77859
       0.44040      40.16684
       0.53200      31.50720
       0.67390      26.12422
       0.87090      24.57912
       1.01970      24.04619
       1.06400      24.61675

*** FITTING ***
------------------------------------------------------------------------
pixel #    1   wavelength #   1     0.355 (um)
------------------------------------------------------------------------
   #    hight[m]       meas_LS         fit_LS
   1   10000.00    0.98040E-05    0.98018E-05
   2    9422.98    0.10963E-04    0.10961E-04
   3    8879.26    0.12217E-04    0.12216E-04
   4    8366.92    0.13580E-04    0.13579E-04
   5    7884.13    0.15043E-04    0.15042E-04
   6    7429.21    0.16610E-04    0.16611E-04
   7    7000.53    0.18307E-04    0.18308E-04
   8    6596.59    0.20146E-04    0.20148E-04
   9    6215.96    0.22088E-04    0.22090E-04
  10    5857.29    0.24181E-04    0.24183E-04
  11    5519.31    0.26431E-04    0.26432E-04
  12    5200.84    0.28835E-04    0.28836E-04
  13    4900.74    0.31389E-04    0.31390E-04
  14    4617.96    0.34084E-04    0.34085E-04
  15    4351.50    0.36971E-04    0.36968E-04
  16    4100.41    0.40184E-04    0.40182E-04
  17    3863.81    0.43977E-04    0.43972E-04
  18    3640.86    0.48834E-04    0.48826E-04
  19    3430.78    0.55539E-04    0.55528E-04
  20    3232.82    0.65033E-04    0.65021E-04
  21    3046.28    0.78087E-04    0.78077E-04
  22    2870.51    0.95226E-04    0.95210E-04
  23    2704.87    0.11668E-03    0.11668E-03
  24    2548.80    0.14180E-03    0.14179E-03
  25    2401.73    0.16943E-03    0.16943E-03
  26    2263.15    0.19821E-03    0.19822E-03
  27    2132.56    0.22639E-03    0.22641E-03
  28    2009.51    0.25228E-03    0.25230E-03
  29    1893.55    0.27520E-03    0.27524E-03
  30    1784.29    0.29449E-03    0.29450E-03
  31    1681.34    0.31054E-03    0.31057E-03
  32    1584.32    0.32378E-03    0.32381E-03
  33    1492.90    0.33499E-03    0.33501E-03
  34    1406.76    0.34488E-03    0.34491E-03
  35    1325.59    0.35433E-03    0.35435E-03
  36    1249.10    0.36310E-03    0.36310E-03
  37    1177.03    0.37197E-03    0.37195E-03
  38    1109.11    0.38106E-03    0.38105E-03
  39    1045.11    0.39041E-03    0.39039E-03
  40     984.81    0.40003E-03    0.39999E-03
  41     927.98    0.40940E-03    0.40935E-03
  42     874.44    0.41951E-03    0.41948E-03
  43     823.98    0.42922E-03    0.42918E-03
  44     776.44    0.43927E-03    0.43924E-03
  45     731.63    0.44919E-03    0.44917E-03
  46     689.42    0.45910E-03    0.45908E-03
  47     649.64    0.46897E-03    0.46894E-03
  48     612.15    0.47845E-03    0.47843E-03
  49     576.83    0.48766E-03    0.48765E-03
  50     543.55    0.49713E-03    0.49714E-03
  51     512.18    0.50602E-03    0.50603E-03
  52     482.63    0.51485E-03    0.51487E-03
  53     454.78    0.52347E-03    0.52349E-03
  54     428.54    0.53150E-03    0.53152E-03
  55     403.81    0.53950E-03    0.53954E-03
  56     380.51    0.54720E-03    0.54727E-03
  57     358.55    0.55432E-03    0.55435E-03
  58     337.87    0.56144E-03    0.56151E-03
  59     318.37    0.56840E-03    0.56845E-03
  60     300.00    0.57467E-03    0.57475E-03
------------------------------------------------------------------------
pixel #    1   wavelength #   2     0.440 (um)
------------------------------------------------------------------------
       meas_tod        fit_tod
    0.12114E+01    0.12114E+01
   #      sza      vis      fis  sca_ang         meas_I          fit_I
   1    72.07   107.93   183.50     3.33    0.16056E+01    0.16053E+01
   2    72.07   107.93   184.00     3.81    0.13544E+01    0.13540E+01
   3    72.07   107.93   185.00     4.76    0.10042E+01    0.10039E+01
   4    72.07   107.93   186.00     5.71    0.78454E+00    0.78430E+00
   5    72.07   107.93   187.00     6.66    0.64152E+00    0.64131E+00
   6    72.07   107.93   188.00     7.61    0.54541E+00    0.54520E+00
   7    72.07   107.93   190.00     9.51    0.43122E+00    0.43104E+00
   8    72.07   107.93   192.00    11.42    0.36980E+00    0.36964E+00
   9    72.07   107.93   194.00    13.32    0.33264E+00    0.33249E+00
  10    72.07   107.93   196.00    15.22    0.30741E+00    0.30726E+00
  11    72.07   107.93   198.00    17.12    0.28829E+00    0.28813E+00
  12    72.07   107.93   200.00    19.02    0.27306E+00    0.27289E+00
  13    72.07   107.93   205.00    23.77    0.24333E+00    0.24317E+00
  14    72.07   107.93   210.00    28.51    0.21885E+00    0.21870E+00
  15    72.07   107.93   215.00    33.25    0.19741E+00    0.19727E+00
  16    72.07   107.93   220.00    37.98    0.17860E+00    0.17847E+00
  17    72.07   107.93   225.00    42.70    0.16224E+00    0.16213E+00
  18    72.07   107.93   230.00    47.42    0.14811E+00    0.14801E+00
  19    72.07   107.93   240.00    56.81    0.12551E+00    0.12543E+00
  20    72.07   107.93   250.00    66.15    0.10888E+00    0.10880E+00
  21    72.07   107.93   260.00    75.41    0.96811E-01    0.96733E-01
  22    72.07   107.93   270.00    84.56    0.88400E-01    0.88318E-01
  23    72.07   107.93   280.00    93.58    0.82890E-01    0.82804E-01
  24    72.07   107.93   300.00   110.97    0.77715E-01    0.77623E-01
  25    72.07   107.93   320.00   126.77    0.77390E-01    0.77296E-01
  26    72.07   107.93   340.00   139.10    0.78903E-01    0.78805E-01
------------------------------------------------------------------------
pixel #    1   wavelength #   3     0.532 (um)
------------------------------------------------------------------------
   #    hight[m]       meas_LS         fit_LS
   1   10000.00    0.82600E-05    0.82608E-05
   2    9422.98    0.90488E-05    0.90486E-05
   3    8879.26    0.98618E-05    0.98603E-05
   4    8366.92    0.10746E-04    0.10745E-04
   5    7884.13    0.11649E-04    0.11647E-04
   6    7429.21    0.12569E-04    0.12570E-04
   7    7000.53    0.13567E-04    0.13565E-04
   8    6596.59    0.14644E-04    0.14644E-04
   9    6215.96    0.15683E-04    0.15682E-04
  10    5857.29    0.16803E-04    0.16802E-04
  11    5519.31    0.18004E-04    0.18002E-04
  12    5200.84    0.19235E-04    0.19234E-04
  13    4900.74    0.20491E-04    0.20491E-04
  14    4617.96    0.21765E-04    0.21766E-04
  15    4351.50    0.23133E-04    0.23131E-04
  16    4100.41    0.25373E-04    0.25375E-04
  17    3863.81    0.29683E-04    0.29685E-04
  18    3640.86    0.38008E-04    0.38012E-04
  19    3430.78    0.53239E-04    0.53246E-04
  20    3232.82    0.78176E-04    0.78190E-04
  21    3046.28    0.11458E-03    0.11461E-03
  22    2870.51    0.16243E-03    0.16245E-03
  23    2704.87    0.22030E-03    0.22033E-03
  24    2548.80    0.28372E-03    0.28372E-03
  25    2401.73    0.34670E-03    0.34670E-03
  26    2263.15    0.40360E-03    0.40358E-03
  27    2132.56    0.44840E-03    0.44837E-03
  28    2009.51    0.47640E-03    0.47634E-03
  29    1893.55    0.48779E-03    0.48775E-03
  30    1784.29    0.48270E-03    0.48264E-03
  31    1681.34    0.46564E-03    0.46560E-03
  32    1584.32    0.43991E-03    0.43989E-03
  33    1492.90    0.40977E-03    0.40976E-03
  34    1406.76    0.37846E-03    0.37848E-03
  35    1325.59    0.34940E-03    0.34942E-03
  36    1249.10    0.32190E-03    0.32193E-03
  37    1177.03    0.29825E-03    0.29828E-03
  38    1109.11    0.27837E-03    0.27840E-03
  39    1045.11    0.26196E-03    0.26199E-03
  40     984.81    0.24924E-03    0.24926E-03
  41     927.98    0.23773E-03    0.23774E-03
  42     874.44    0.23001E-03    0.23003E-03
  43     823.98    0.22340E-03    0.22341E-03
  44     776.44    0.21881E-03    0.21883E-03
  45     731.63    0.21501E-03    0.21502E-03
  46     689.42    0.21288E-03    0.21289E-03
  47     649.64    0.21166E-03    0.21165E-03
  48     612.15    0.21027E-03    0.21027E-03
  49     576.83    0.20958E-03    0.20958E-03
  50     543.55    0.21017E-03    0.21017E-03
  51     512.18    0.21038E-03    0.21038E-03
  52     482.63    0.21077E-03    0.21077E-03
  53     454.78    0.21195E-03    0.21194E-03
  54     428.54    0.21276E-03    0.21274E-03
  55     403.81    0.21378E-03    0.21379E-03
  56     380.51    0.21474E-03    0.21475E-03
  57     358.55    0.21533E-03    0.21532E-03
  58     337.87    0.21616E-03    0.21617E-03
  59     318.37    0.21782E-03    0.21781E-03
  60     300.00    0.21824E-03    0.21824E-03
------------------------------------------------------------------------
pixel #    1   wavelength #   4     0.674 (um)
------------------------------------------------------------------------
       meas_tod        fit_tod
    0.78221E+00    0.78224E+00
   #      sza      vis      fis  sca_ang         meas_I          fit_I
   1    71.87   108.13   183.50     3.33    0.47859E+01    0.47844E+01
   2    71.87   108.13   184.00     3.80    0.41789E+01    0.41778E+01
   3    71.87   108.13   185.00     4.75    0.32341E+01    0.32333E+01
   4    71.87   108.13   186.00     5.70    0.25589E+01    0.25582E+01
   5    71.87   108.13   187.00     6.65    0.20699E+01    0.20695E+01
   6    71.87   108.13   188.00     7.60    0.17105E+01    0.17102E+01
   7    71.87   108.13   190.00     9.50    0.12380E+01    0.12378E+01
   8    71.87   108.13   192.00    11.40    0.95798E+00    0.95785E+00
   9    71.87   108.13   194.00    13.30    0.78158E+00    0.78147E+00
  10    71.87   108.13   196.00    15.20    0.66355E+00    0.66345E+00
  11    71.87   108.13   198.00    17.10    0.58012E+00    0.58004E+00
  12    71.87   108.13   200.00    19.00    0.52037E+00    0.52030E+00
  13    71.87   108.13   205.00    23.74    0.42487E+00    0.42479E+00
  14    71.87   108.13   210.00    28.48    0.36294E+00    0.36287E+00
  15    71.87   108.13   215.00    33.21    0.31566E+00    0.31561E+00
  16    71.87   108.13   220.00    37.94    0.27677E+00    0.27672E+00
  17    71.87   108.13   225.00    42.65    0.24431E+00    0.24427E+00
  18    71.87   108.13   230.00    47.36    0.21701E+00    0.21698E+00
  19    71.87   108.13   240.00    56.74    0.17473E+00    0.17470E+00
  20    71.87   108.13   250.00    66.06    0.14532E+00    0.14529E+00
  21    71.87   108.13   260.00    75.31    0.12460E+00    0.12457E+00
  22    71.87   108.13   270.00    84.44    0.11001E+00    0.10999E+00
  23    71.87   108.13   280.00    93.44    0.10007E+00    0.10003E+00
  24    71.87   108.13   300.00   110.78    0.88940E-01    0.88906E-01
  25    71.87   108.13   320.00   126.52    0.85471E-01    0.85436E-01
  26    71.87   108.13   340.00   138.75    0.85447E-01    0.85413E-01
------------------------------------------------------------------------
pixel #    1   wavelength #   5     0.871 (um)
------------------------------------------------------------------------
       meas_tod        fit_tod
    0.67423E+00    0.67425E+00
   #      sza      vis      fis  sca_ang         meas_I          fit_I
   1    71.67   108.33   183.50     3.32    0.56036E+01    0.56029E+01
   2    71.67   108.33   184.00     3.80    0.50405E+01    0.50399E+01
   3    71.67   108.33   185.00     4.75    0.41021E+01    0.41017E+01
   4    71.67   108.33   186.00     5.70    0.33758E+01    0.33753E+01
   5    71.67   108.33   187.00     6.64    0.28135E+01    0.28130E+01
   6    71.67   108.33   188.00     7.59    0.23757E+01    0.23752E+01
   7    71.67   108.33   190.00     9.49    0.17590E+01    0.17587E+01
   8    71.67   108.33   192.00    11.39    0.13643E+01    0.13642E+01
   9    71.67   108.33   194.00    13.29    0.11006E+01    0.11005E+01
  10    71.67   108.33   196.00    15.18    0.91697E+00    0.91685E+00
  11    71.67   108.33   198.00    17.08    0.78422E+00    0.78414E+00
  12    71.67   108.33   200.00    18.98    0.68801E+00    0.68795E+00
  13    71.67   108.33   205.00    23.71    0.53592E+00    0.53588E+00
  14    71.67   108.33   210.00    28.44    0.44334E+00    0.44331E+00
  15    71.67   108.33   215.00    33.17    0.37773E+00    0.37770E+00
  16    71.67   108.33   225.00    42.60    0.28608E+00    0.28606E+00
  17    71.67   108.33   230.00    47.30    0.25312E+00    0.25311E+00
  18    71.67   108.33   240.00    56.67    0.20403E+00    0.20402E+00
  19    71.67   108.33   250.00    65.98    0.17115E+00    0.17114E+00
  20    71.67   108.33   260.00    75.20    0.14859E+00    0.14856E+00
  21    71.67   108.33   270.00    84.32    0.13295E+00    0.13292E+00
  22    71.67   108.33   280.00    93.30    0.12196E+00    0.12192E+00
  23    71.67   108.33   300.00   110.59    0.10954E+00    0.10950E+00
  24    71.67   108.33   320.00   126.25    0.10502E+00    0.10498E+00
  25    71.67   108.33   340.00   138.40    0.10476E+00    0.10473E+00
------------------------------------------------------------------------
pixel #    1   wavelength #   6     1.020 (um)
------------------------------------------------------------------------
       meas_tod        fit_tod
    0.63767E+00    0.63769E+00
   #      sza      vis      fis  sca_ang         meas_I          fit_I
   1    71.29   108.71   183.50     3.32    0.55031E+01    0.55027E+01
   2    71.29   108.71   184.00     3.79    0.50361E+01    0.50360E+01
   3    71.29   108.71   185.00     4.74    0.42241E+01    0.42238E+01
   4    71.29   108.71   186.00     5.68    0.35633E+01    0.35630E+01
   5    71.29   108.71   187.00     6.63    0.30301E+01    0.30299E+01
   6    71.29   108.71   188.00     7.58    0.26001E+01    0.25999E+01
   7    71.29   108.71   190.00     9.47    0.19680E+01    0.19678E+01
   8    71.29   108.71   192.00    11.36    0.15439E+01    0.15438E+01
   9    71.29   108.71   194.00    13.26    0.12502E+01    0.12501E+01
  10    71.29   108.71   196.00    15.15    0.10401E+01    0.10401E+01
  11    71.29   108.71   198.00    17.04    0.88509E+00    0.88505E+00
  12    71.29   108.71   200.00    18.93    0.77057E+00    0.77052E+00
  13    71.29   108.71   205.00    23.66    0.58625E+00    0.58621E+00
  14    71.29   108.71   210.00    28.38    0.47416E+00    0.47413E+00
  15    71.29   108.71   215.00    33.10    0.39672E+00    0.39671E+00
  16    71.29   108.71   225.00    42.50    0.29343E+00    0.29342E+00
  17    71.29   108.71   230.00    47.19    0.25749E+00    0.25748E+00
  18    71.29   108.71   240.00    56.53    0.20530E+00    0.20529E+00
  19    71.29   108.71   250.00    65.81    0.17119E+00    0.17117E+00
  20    71.29   108.71   260.00    75.01    0.14814E+00    0.14813E+00
  21    71.29   108.71   270.00    84.09    0.13236E+00    0.13234E+00
  22    71.29   108.71   280.00    93.03    0.12123E+00    0.12121E+00
  23    71.29   108.71   300.00   110.22    0.10841E+00    0.10838E+00
  24    71.29   108.71   320.00   125.76    0.10345E+00    0.10343E+00
  25    71.29   108.71   340.00   137.74    0.10301E+00    0.10299E+00
------------------------------------------------------------------------
pixel #    1   wavelength #   7     1.064 (um)
------------------------------------------------------------------------
   #    hight[m]       meas_LS         fit_LS
   1   10000.00    0.15739E-05    0.15739E-05
   2    9422.98    0.17274E-05    0.17274E-05
   3    8879.26    0.18818E-05    0.18818E-05
   4    8366.92    0.20712E-05    0.20712E-05
   5    7884.13    0.22609E-05    0.22610E-05
   6    7429.21    0.24509E-05    0.24508E-05
   7    7000.53    0.26763E-05    0.26763E-05
   8    6596.59    0.29373E-05    0.29371E-05
   9    6215.96    0.31632E-05    0.31633E-05
  10    5857.29    0.34249E-05    0.34248E-05
  11    5519.31    0.37224E-05    0.37224E-05
  12    5200.84    0.40207E-05    0.40206E-05
  13    4900.74    0.43197E-05    0.43198E-05
  14    4617.96    0.46187E-05    0.46186E-05
  15    4351.50    0.49547E-05    0.49552E-05
  16    4100.41    0.67241E-05    0.67239E-05
  17    3863.81    0.11872E-04    0.11871E-04
  18    3640.86    0.23423E-04    0.23422E-04
  19    3430.78    0.45767E-04    0.45766E-04
  20    3232.82    0.82854E-04    0.82851E-04
  21    3046.28    0.13715E-03    0.13715E-03
  22    2870.51    0.20813E-03    0.20812E-03
  23    2704.87    0.29325E-03    0.29321E-03
  24    2548.80    0.38557E-03    0.38554E-03
  25    2401.73    0.47564E-03    0.47564E-03
  26    2263.15    0.55461E-03    0.55461E-03
  27    2132.56    0.61310E-03    0.61310E-03
  28    2009.51    0.64387E-03    0.64389E-03
  29    1893.55    0.64764E-03    0.64768E-03
  30    1784.29    0.62515E-03    0.62522E-03
  31    1681.34    0.58432E-03    0.58433E-03
  32    1584.32    0.53069E-03    0.53069E-03
  33    1492.90    0.47130E-03    0.47131E-03
  34    1406.76    0.41141E-03    0.41141E-03
  35    1325.59    0.35627E-03    0.35627E-03
  36    1249.10    0.30507E-03    0.30505E-03
  37    1177.03    0.26086E-03    0.26086E-03
  38    1109.11    0.22337E-03    0.22336E-03
  39    1045.11    0.19191E-03    0.19190E-03
  40     984.81    0.16691E-03    0.16691E-03
  41     927.98    0.14431E-03    0.14431E-03
  42     874.44    0.12749E-03    0.12749E-03
  43     823.98    0.11321E-03    0.11322E-03
  44     776.44    0.10193E-03    0.10193E-03
  45     731.63    0.92056E-04    0.92052E-04
  46     689.42    0.85058E-04    0.85056E-04
  47     649.64    0.79545E-04    0.79547E-04
  48     612.15    0.73982E-04    0.73982E-04
  49     576.83    0.69818E-04    0.69820E-04
  50     543.55    0.67305E-04    0.67306E-04
  51     512.18    0.64653E-04    0.64662E-04
  52     482.63    0.62102E-04    0.62099E-04
  53     454.78    0.60985E-04    0.60990E-04
  54     428.54    0.59739E-04    0.59739E-04
  55     403.81    0.58604E-04    0.58604E-04
  56     380.51    0.57460E-04    0.57460E-04
  57     358.55    0.56190E-04    0.56196E-04
  58     337.87    0.55033E-04    0.55032E-04
  59     318.37    0.55326E-04    0.55329E-04
  60     300.00    0.54039E-04    0.54039E-04
